124 159 40 141 227 242 184 248 194 43 227 246 254 17 246 
108 242 231 112 234 118 178 37 10 158 63 255 154 207 238 
40 76 141 80 217 112 67 145 104 5 188 76 251 187 93 
242 39 79 217 151 57 79 73 94 90 231 158 89 129 109 
71 170 185 212 250 146 69 61 35 173 67 224 249 62 155 
86 48 194 165 10 89 223 89 162 61 179 137 219 12 10 
73 83 180 2 40 175 149 109 236 184 26 47 152 20 110 
51 106 158 245 16 168 78 239 2 240 44 181 121 8 194 
132 81 21 56 83 61 231 232 170 212 161 197 3 57 217 
113 109 67 16 98 83 184 177 66 186 161 111 112 27 119 
50 159 200 71 215 27 133 191 4 47 147 165 244 150 222 
205 8 75 17 24 174 100 208 95 167 139 0 22 251 27 
141 45 186 85 116 146 112 249 81 116 41 228 25 29 122 
248 235 130 67 252 154 241 96 107 80 7 246 81 29 241 
108 170 30 39 255 146 185 112 140 10 228 181 238 254 210 
