139 139 138 149 136 116 135 125 133 125 133 123 137 137 138 
144 144 139 149 135 113 112 108 113 120 125 123 137 137 139 
139 149 144 164 136 113 112 112 113 120 125 120 120 137 137 
173 175 165 165 135 108 108 108 112 120 132 132 137 144 144 
189 175 164 138 124 101 101 112 123 132 148 167 177 177 177 
177 175 159 137 120 103 103 104 128 141 168 169 177 190 189 
189 175 165 138 124 104 127 132 141 141 150 150 150 189 189 
190 159 159 126 124 118 127 136 141 128 141 128 128 145 159 
159 156 145 118 104 104 127 148 150 148 141 126 126 145 156 
159 156 159 126 118 121 136 150 164 150 128 119 119 130 156 
186 145 145 121 121 121 150 150 157 150 126 119 126 141 156 
161 142 138 121 121 121 140 140 168 168 137 133 137 138 156 
176 142 138 121 116 116 157 140 168 178 168 178 176 161 169 
176 139 138 136 136 121 168 157 168 168 168 169 176 151 169 
142 138 136 136 136 116 157 135 135 133 137 133 161 139 139 
