146 145 137 134 132 129 132 127 130 132 143 135 142 143 141 
148 149 144 137 133 125 122 124 124 124 137 130 141 149 146 
142 143 140 129 125 120 121 122 121 119 135 131 138 144 143 
140 138 133 122 119 116 118 122 126 128 140 139 144 146 142 
148 140 134 123 119 119 119 125 132 136 149 150 157 156 151 
147 140 138 125 123 122 122 126 130 133 140 143 152 153 147 
149 144 141 132 132 130 127 131 130 134 136 136 146 150 148 
147 137 142 136 137 135 133 134 136 139 135 133 141 146 145 
143 133 134 127 130 131 137 137 137 142 142 141 144 144 141 
145 133 135 131 134 137 141 138 141 147 143 141 145 143 141 
151 137 137 138 142 138 144 140 143 152 147 141 149 150 145 
151 143 143 141 146 142 146 142 141 146 145 137 143 148 147 
144 138 140 139 143 140 144 137 137 141 142 131 135 140 139 
144 140 142 141 143 136 144 139 140 140 146 135 140 143 140 
142 137 132 128 127 123 130 127 132 137 148 141 146 147 143 
